5.64686672569045 14.9869391114209
7.82567283675632 17.0589648775798
6.89899381246636 16.1084350492086
15.2158113097108 24.6136557644156
1.30466570951673 10.743102735647
6.97058705133315 16.2039286987305
13.9044043415256 23.2826349232529
4.63634525376135 13.9495331553507
9.83078779504927 19.3229968217183
8.17603513937848 17.3729967227937
9.74034494153002 18.9302168655051
15.9202578059192 25.102746424789
8.43728758259214 17.589108056907
8.88812778141694 18.1822403122824
15.5727876438098 24.9414968166942
9.29563066677743 18.5064981367214
7.80015160313837 17.0452839898454
5.43926353564863 14.6578784534513
12.7180494057491 21.9167120997557
11.5738006799274 20.8526716725144
5.68007164896617 14.8861050682621
16.691861585885 25.8882849954569
9.44838948482165 18.7401300662667
6.51952479563881 15.6929997311007
6.02957709744291 15.2182687013786
8.28211174224635 17.7175757535431
11.4437267241758 20.7541410920799
14.2902939726149 23.6970207352418
10.8776704561215 20.1113214658697
9.18998639174681 18.4186965013741
11.839307038775 21.05966797202
10.4656707447797 19.7236730791922
12.6848264992186 22.0353899728187
14.8187809548458 24.0341697172647
6.79039004655036 16.1760961033812
11.8181565154537 21.0097515264344
16.2593980498062 25.4904034847596
18.1368219655707 27.5243878288918
7.53897432744548 16.868796386965
4.76079517456995 14.0129803549606
16.0873951457594 25.2568301490263
7.67588523212564 16.9397067491232
12.5352002191603 21.7782009899996
11.713533556688 21.0658092531394
1.39860640001011 10.6551120855132
13.1969261474086 22.672413141973
7.36694697666816 16.6589158904443
3.39493994863026 12.6792682158463
5.54153423185736 14.8113261426648
7.86339664574738 17.08471736222
9.99868674736395 19.2657376287453
4.58396218874641 13.8628872182283
5.72060349802721 15.2486666838215
15.6858069504261 25.0701078017253
7.61773003832763 16.822666025047
13.0910379890828 22.3814578989423
5.56485727668697 14.7604456001875
7.83034704360624 17.1918245621079
10.8463197572063 20.1921497510824
7.24671839467613 16.5056828060387
16.4453700952925 25.7549392406085
10.8413819291487 19.9833056199128
14.3818967118936 23.7332840108427
4.22035718117641 13.6354879841237
12.7474083543306 21.9447208189061
11.6365704251406 20.9508250919171
10.4982853989462 19.8337129152525
3.5945800960491 12.8728005132531
8.75899562611057 17.9950187882074
7.34788278348578 16.7414493293482
7.6228756697787 16.9525637192174
1.81537373251261 11.1636950089591
14.9793946243417 24.2692100905224
11.3315106838059 20.5648191019349
10.8941459883263 20.1143280034464
11.9902148670891 21.1442982810274
11.8264140931964 20.9892506564324
10.7119201501221 19.8975494679178
12.1703894578959 21.4767574211834
14.3560786617908 23.5766267950582
5.51071574978356 14.7730029263008
9.990953896765 19.1531496213574
7.365785534766 16.5580230564547
10.2059180924916 19.5468218803178
11.7117018634148 20.8730659458356
7.53941691531084 16.7950932458786
14.1106201873901 23.4374983299379
15.6922464244309 24.9918578335856
3.45319152192045 12.7891741593727
17.2653253446839 26.4999976885814
8.75496893925444 18.0596978579854
10.215864125226 19.7321870844859
8.26591738910453 17.5413036066231
16.5600281028451 25.8521244187119
7.66132544723153 16.9234016557189
12.2980498495736 21.5537778152672
17.4472318307088 26.8327526398234
11.2638860053268 20.4126436294801
12.0134204390827 21.2446106313099
2.922130456728 12.3051880606907
7.8571782315127 17.1934746051962
11.7603088683272 20.8840708619655
10.490849746608 19.6850824406357
4.11381694106636 13.2861376251961
14.5893836158341 23.8510689635999
11.7172894232375 20.9144076234355
13.7090730983445 23.0491968876523
5.37412416935964 14.5942392554549
13.4115602464465 22.5692130609719
13.3784819481446 22.6266968346879
14.0916471866841 23.3953555617418
5.05511686004223 14.3763925430804
7.79398011017855 17.0590676766019
9.80960041066058 18.9853959684923
18.4320548286736 27.7596291124257
3.7072243563549 12.9218963534842
9.21401309914485 18.4446576992123
13.9676105711603 23.2037950399988
7.52485241174863 16.7995014920774
5.28559929204277 14.4375355496295
5.07655686730208 14.3207994522689
11.3397367883951 20.5788905188434
7.99405679210523 17.3243965746518
10.6677486192463 20.0144520089563
6.45574998280445 15.6795161041563
14.9339167874499 24.2303600199567
8.30852826648761 17.5182814071893
12.2334590440861 21.531870152023
9.75210674273399 19.0223250737494
19.4343999989171 28.7041236282937
10.3253940167787 19.5744848217318
13.2411058576857 22.4037925716659
15.3690861308905 24.5767024393043
15.9294118576591 25.2506132704097
15.9862270139613 25.2195485922509
12.6332665641412 21.9327782748104
13.7581826427601 22.9857175387381
10.0500502841762 19.2913241625295
14.9651261649083 24.2960620401923
9.94229386251786 19.313484768795
6.54260347382703 15.7713745197961
10.9995107025984 20.2513553736229
6.10129825368114 15.3245714172499
13.1488640726557 22.4419963616081
14.434958299551 23.7397092314293
11.5412865203193 20.8579272613034
11.6979404956942 20.9599121201055
11.7717299950026 21.0831919783312
3.37635157330632 12.6223472090342
10.1477402489989 19.3977459606823
17.6182873201301 26.8805024808869
10.2395136991692 19.5155491400812
16.1438747296979 25.6366658342182
12.8398002464064 22.0882319371709
12.8150066864293 22.0301470049666
10.7252546636222 19.920914923182
8.59124984400195 17.7046300523921
5.9551425174711 15.4107623903038
5.88556149860219 15.0619004605367
5.13018290581951 14.3201407334705
6.86502268823504 16.1471331516102
14.5028154944199 23.7410149357998
7.95720268137185 17.2606142675035
7.74495398437076 17.0099117929659
12.6849851800149 21.9719086151192
11.7373663268662 21.1242042099716
2.11739461833303 11.4860910303674
9.89160602051339 19.397198425774
4.33919978307186 13.6020957132044
16.629630367608 25.8906805245629
19.5859223665123 28.8871263374311
15.7516782834219 24.9467003262339
14.564263816301 23.8144057663604
16.3763885127784 25.7524553495987
9.85643926247039 19.2167710210815
13.1210474842552 22.5126795485993
8.99026161170354 18.2630714228938
9.73337647099058 18.9943824675189
9.61712499744468 18.8189222867613
12.2056358826089 21.4947285930088
14.4706616824476 23.7752760023453
5.50155251462473 14.6920624850572
9.05904997208196 18.3438496964297
14.4370348081837 23.8623550346057
12.0154983482143 21.3196436073021
6.66057415451366 15.8427756988279
12.2340848268934 21.5293803858933
14.5310245825895 23.7449338260631
13.3114552936158 22.5644278445715
10.7984636031792 20.0715473949967
10.6775613690479 19.9370830870142
10.3550256298783 19.5911752225622
8.87794385403632 18.0243523917926
6.28741610944565 15.4550136843552
4.76311326749564 14.005480191385
14.6712199946792 23.8899082327274
12.7856550689059 21.91558715457
12.0417392939971 21.4277546973834
7.28259738975188 16.524775322484
6.60568026617778 15.7450508856223
5.77720502506965 15.0336389675672
10.7596583055404 20.0558703523189
6.27405989000954 15.5078916265992
7.81862749229085 17.1074268310325
4.92663893085348 14.2353670914792
14.2124411221719 23.4830099244581
18.4790517254635 27.6873068044302
13.6852356863798 22.8997057606443
13.763082235239 22.9678545828116
10.9233204814 20.1107812725009
10.6295956380038 19.9040505111802
10.7387248156985 19.9140924357184
9.37780168585656 18.6024892460919
4.45387574148429 13.6326109940413
13.5688469398622 22.8057340527231
12.1833455483155 21.41098377424
7.99237978498431 17.2239766488044
13.8175036933238 23.0383899874766
8.41789818241774 17.6857984149646
20.7180969014167 30.1182073902793
12.2025612134087 21.446267731995
10.0489408303589 19.2976123689058
5.62583475887576 14.8780257335543
4.39646023797942 13.5938066216463
14.1468947641042 23.3757045293507
17.1248978018081 26.4687953995139
9.61354758224977 18.8481167506301
0.846350872684913 10.2308161020442
9.78448403178373 19.0625403384233
5.7479128917048 15.1064259695061
8.47961466825488 17.6517141814395
13.7209416237062 22.8924520631072
5.71522238554979 14.9436488778063
10.5594556766497 19.7083255517102
8.16388002373968 17.5501669375838
7.51807261062408 16.7199279802202
10.5387639142569 19.8624666672073
14.7999621285137 24.0141916983699
16.5136915126442 25.7383112267608
9.98701137575295 19.2280511988457
3.90303658780978 13.2061181589319
7.8810803568923 17.2172336508395
5.87497935228808 15.1782328127592
8.86373013252369 18.2149960020824
9.45557993320876 18.798224521965
14.4622814156216 23.7284815352724
7.27071617535467 16.6078311649545
7.68723620085473 16.924953138889
13.866912078049 23.1260556328557
8.27232438516183 17.7220273587281
18.9545988008943 28.247513226957
13.2697267831933 22.6480960353708
8.48626991502887 17.8386999192167
12.3033669959921 21.5737525401933
10.8726391901489 20.0975114459704
8.81520334396771 18.0999560683012
10.8933991049643 20.1953810752353
12.5172554083695 21.7679962105435
15.1666301798617 24.4457019190601
11.8201512467997 21.0662602728376
5.02791014716708 14.2542587819716
5.65098464286636 14.9800065492576
6.34469835139883 15.5952672820941
8.60527871057928 17.9294304837228
2.95014114866193 12.2429206688869
7.08823136103724 16.3927692012194
7.22717332099942 16.4502473075323
6.40339359346676 15.6482560461685
10.2786441330776 19.5470556875142
8.61096988166381 17.8303986634872
5.8520376565341 15.1021758972574
3.10039467842445 12.3082864312877
13.1141121631192 22.4230045178623
7.92148359758464 17.2590675148015
11.057447076474 20.4011570802429
13.1496833609665 22.4798398519788
18.1175224437855 27.3981125412076
15.2927199399456 24.5266406106253
8.85699864431325 18.1034582257791
1.41161868832415 10.6765118672788
6.72022160179646 15.8926821343321
7.81285727579169 17.0819552800246
8.92585651087475 18.2336370668165
14.4045714907678 23.6914774566227
10.4421979928562 19.6451971989106
5.20953163807931 14.3976603739357
9.11056608039009 18.3089365194369
13.7000703285449 23.0442033130942
12.0811146149812 21.2920003078078
13.4750852407524 22.7610718747662
8.94512256171261 18.1685320013683
6.65558599188097 15.9990952093822
8.71252121494728 17.9625982824381
10.9583955080926 20.2204665758834
7.44927604749361 16.6283384754847
7.40432129155826 16.7477442973648
7.87693817717459 17.1982996863307
13.4931220880578 22.7022339452055
4.49978356320984 13.8072272323718
7.16763213638138 16.4915198244415
8.65805094140263 17.9920409234441
11.3336327227632 20.5137713240647
15.1660347848636 24.5039193790779
8.22747750784543 17.498957905631
13.2874987809611 22.5569537382396
18.3119148110306 27.6557919715295
12.7278917319999 22.0667197009597
11.7179918804166 20.8875912710321
16.7285683952736 26.1014837178427
7.80740524831381 17.1609767017154
15.8230045365222 25.233671846923
7.30849561594266 16.5540819818328
9.85676128174186 19.1282151588571
15.7976228637757 25.1013072579099
10.5031711041384 19.6949346469736
13.2662891312712 22.6148293364701
5.442588071126 14.7172459876058
13.4343298168345 22.6432741875429
9.17401566765651 18.3780982662952
11.3613725726569 20.6427138154723
14.3570412321992 23.7635341221206
5.71809066624433 14.9053586212503
9.84673919882792 19.0321440148769
17.2540525523114 26.5010413270144
6.89926881025714 16.2466229788769
14.0073411089814 23.1964578444014
15.2691112912691 24.5283683413749
4.01733468570992 13.4034337612145
5.63145426006127 14.92356500713
8.19123704160307 17.5534044419472
12.5809636375826 21.8489156029631
14.0967530569119 23.3400813129287
7.32467256062328 16.6509974326086
6.64644108507452 15.9221929528999
11.3808859072788 20.4919372637578
18.9813897932833 28.2757023779282
20.8410841070198 30.2736746680611
10.0208010602329 19.2356741194386
10.3351383581497 19.6021039057926
4.36690894928066 13.6824575540267
17.224202816957 26.4852578632861
2.93582404107338 12.2314889673198
7.19157540661071 16.4640643106954
3.24649496792552 12.4881886609965
13.3583183104612 22.5634503497199
8.71613890097051 18.1052525676248
2.87437747906346 12.2202536716382
1.43369512188368 10.7888162348607
6.08029276465228 15.2886128269662
2.15592139224491 11.4299481393067
15.2790661190992 24.5897545647756
9.16592274217723 18.4320988964089
15.1419014500212 24.55072389928
2.88687671961292 12.1590823193851
7.11666476968844 16.4372964230011
11.3828930876987 20.57265795958
8.50828958512927 17.7327616238124
6.04496664431169 15.328103019685
10.8640487827506 20.3702021242975
4.75944937674889 14.0343230336831
8.43183930215454 17.7279252907097
13.0501516809144 22.3131193936413
4.95673309180051 14.197195420593
16.0550003694882 25.3639764246615
15.0848138428615 24.4489277156405
12.9034868509409 22.1335709069224
11.1135626982718 20.4895551539919
11.6745973938526 20.9360255864669
11.927301196701 21.0329691188356
9.26608369477253 18.4274676946226
11.2292484203182 20.5402151713469
16.5033988872676 25.8356613483914
12.7246785147243 21.9629464261921
7.62229559243459 16.8241489882025
7.97726720426939 17.2254038325458
19.0550575880368 28.3137920047458
17.8657850455758 27.1343917184068
8.49360447429669 17.8874071268045
3.83937384278384 13.0764068016518
12.0493787740805 21.2701366107716
2.91164427459013 12.1888477619511
5.09169939407283 14.435436292173
11.4544208678765 20.7547546486951
15.0279366029991 24.3682455798822
14.0471383754613 23.4299499673146
7.68808621383245 16.8548663966307
9.66233540932049 18.8676160709642
3.2899235629837 12.5743869167732
12.6320529907802 21.9906756451584
8.40550451374858 17.6306230114348
5.39955223537036 14.7966162804811
9.19640765242266 18.4419456663377
12.0575968547458 21.4227049228065
11.7228721848929 21.0549664387061
11.8457252880691 21.1473386967012
12.3859587071201 21.6724122844557
14.2011577946546 23.4579849289117
7.07253625095079 16.3286383642266
6.50332098610433 15.827535810885
14.532705576259 23.8882288171831
7.11846646240119 16.4543335787741
14.0431087233836 23.2652889930885
4.23619968601335 13.4687137606716
9.00128673091204 18.3226488924474
14.1240273002437 23.3797731950411
12.2920758630665 21.5291665827067
13.6550348107653 22.85486934865
10.8749078589914 20.1889732618089
10.2094389817854 19.3749412994889
16.2670830613204 25.5586211639504
6.21823768630769 15.5496918436212
9.18234224803004 18.441212511881
15.9648533902316 25.172253470393
2.02478514342619 11.3759792818972
12.1069669505869 21.4466658444073
5.14177201469091 14.4272268183398
-0.621410797920288 8.63601713825117
7.67730228713433 16.9499893261827
9.29014668956617 18.5956217278357
7.04549134707953 16.2421308625683
18.8237228241075 28.1920935878771
9.23950876252737 18.4622996507073
10.5816090918894 19.8358858074444
17.8118484588976 27.020381130488
10.1651712153132 19.4445431435267
13.4713042400626 22.6722754231947
12.4253130441716 21.7069754584159
6.54189765365039 15.7528124762951
6.5121778488151 15.7251362206929
6.87102481781424 16.0891322857066
10.8100108973132 20.0941316843866
10.1467091364552 19.358296407924
11.9947096174578 21.240366634811
9.28055422420042 18.4733578431283
7.85587078003796 17.0440512549425
12.4306914879643 21.638397098045
7.80775085400879 17.0623773551888
1.48989980800011 10.7923963465267
18.0604500148795 27.3964624437819
11.2909206755765 20.5786932722759
11.3372422135523 20.6941964346157
11.1533374097886 20.2962830025703
9.93912893002634 19.2206602683377
10.8800692808642 20.1938954445744
7.52204190521178 16.797075566559
13.1287568659806 22.3529011725459
15.5524895669117 24.7034081750671
10.9266184919054 20.1263345035846
10.3619514195563 19.6310223155635
17.0985559206149 26.3895586915577
14.5264974821207 23.8585504615563
0.325217276004877 9.65222013959337
5.27828831808866 14.5475239578667
6.5610863183735 15.945598532533
13.4205531784807 22.585987840789
4.30351153128981 13.5632713707937
4.41009235086923 13.7295562619693
3.99205644987656 13.2441668380357
4.50893381371178 13.7546597430968
19.7532197044282 29.0478482780446
15.4398647138679 24.7415342029287
9.23261109452318 18.4639491176438
8.50606431400942 17.916231029043
7.45854236592832 16.7802481175927
7.34482064216013 16.6144393381647
12.6270964931347 21.8960739974937
8.10676778479724 17.316347191861
21.2203452867032 30.5828077944381
7.06727106624202 16.3774787617744
11.0833706507653 20.4088674490024
3.60801849424408 12.8504306922122
12.0266860567837 21.2917463756739
4.91879069470322 14.2364732815887
7.12345587499545 16.5212821898192
12.4607610501027 21.7110049971972
8.66015184364477 17.913268745423
4.28905862119901 13.6989905104211
14.4905586904852 23.7734201470155
4.47130662630063 13.8239310044
13.9632351051172 23.217819656835
15.2546720599701 24.5767688837659
6.0880817895407 15.2878248155426
7.99359248112342 17.3023493599031
11.0079171743688 20.217435089696
11.5621408183968 20.7898881432151
14.3964643927697 23.6876745584232
16.0988821615839 25.4747936780991
9.342519538166 18.74801374497
13.6274999512991 22.8097909783648
14.6240373167424 23.9474249409951
13.9944428218948 23.3115468891393
14.3010460308559 23.600264200705
5.91606695503534 15.3491138539674
-0.029788516183106 9.25446200022918
9.05059380508759 18.4688790762992
12.2836620457104 21.4659601290823
13.3898855538316 22.5648356699526
12.0431524311669 21.3429875015808
12.1059905952614 21.3848799484243
3.33869086884874 12.7002509449967
15.9510996537019 25.242558006699
9.20279280837254 18.5753654932465
19.0893800631139 28.4100968600795
8.93190234566677 18.1703843624507
9.97711764636095 19.1412841346458
11.1162725782511 20.3777686085105
15.9389242789701 25.1810237592807
11.2656258023861 20.5682585312561
12.2946495425819 21.5867333440421
12.9941332747052 22.1700627502011
12.1129740519196 21.4165138080706
11.0978482979941 20.281192749779
12.1333879418608 21.4468534583736
3.0764580416778 12.4215139789516
12.5462088206006 21.8448296568542
13.8197452611848 23.0286689721399
13.9160354303427 23.0935275154744
4.50399829710154 13.8233708632204
18.3797736595303 27.7688483553418
15.7345099314149 25.1283706462282
7.39527887130718 16.6740785327469
12.2152578485017 21.4018831859213
18.4103812413827 27.7439077854359
5.38356754317898 14.6237849076083
9.29776816389885 18.5474808168172
7.81631399176633 17.1882700236804
20.553612615492 29.9064910440157
17.4386652929194 26.6849185026107
0.781112618763282 10.2424741846304
16.0244831732332 25.2996469488839
11.5712894179644 20.7991647273454
11.2854121207052 20.5942072783671
7.66671101426443 16.9106808898351
-0.62975383676906 8.69873421325753
11.0590013086421 20.3880295181361
14.2294134929871 23.4564341854376
7.75084185125896 16.9863119739899
3.14294616448705 12.4532763129597
6.86446476681211 16.0547657788959
8.64938497645664 17.9382880653017
15.8006400424033 25.1307137543099
9.90829924829241 19.2458866632928
3.83675573657482 13.1668987767637
6.70296374692819 15.9599147157526
11.5310680876488 20.8856858899002
11.6738249576272 20.9211045758628
11.9803355974269 21.3151701271527
10.9436612105229 20.1541610013645
5.83010463293119 15.3142744107749
11.256460941063 20.5132947296803
10.6145202486233 19.9746871604091
11.3377944371044 20.7040980422849
14.525814434733 23.7980199509315
-0.273907112494065 9.07852728786075
3.72133236746962 12.992439805813
11.7076212919301 20.9696479075021
8.88844756836735 18.2322275304618
10.8106174878876 20.0825125099403
18.7842487858407 28.0807396119505
1.65743614064957 11.0014218201628
7.00868464563638 16.3672246121846
7.87160549086898 17.1636651054451
17.8283725159593 27.1496621910264
10.4329126536333 19.5651176416379
11.6053056558967 20.9784342635898
5.58224756946243 14.8483408209668
8.43861496385468 17.8041633382032
7.18435163852302 16.5429636270876
9.74555847893217 18.9963714346288
6.44315484833136 15.7850897332392
8.17994590260486 17.4223388685931
15.267433114854 24.5287706975981
8.6869282731506 18.0168648545713
5.29030139498461 14.6560415046343
15.7811608045228 25.0991060577044
9.08219328658252 18.4190201196355
13.6161019490179 22.9294948310744
15.3522241545663 24.6308064492891
15.7241053808129 25.063010618725
8.61832873879522 17.8423887244911
11.2299846194135 20.657925214805
8.18122415829589 17.4558318740482
4.71586416172582 13.9848942361537
2.14217152397715 11.3967131959055
9.01048613466975 18.2228746797848
18.9174769724768 28.2868115062227
13.6127109363574 22.9485845445154
7.17616858917387 16.516966774835
0.173707832669241 9.53038714529215
3.07489474169406 12.344460864442
14.3107211587804 23.5539473797703
2.08682688149038 11.412306380522
10.8385647191584 20.154489035355
13.7399421210869 23.0246441475396
9.73699352264162 18.9276924006323
8.09937832394274 17.4118340081996
16.0792241851725 25.3941550190721
10.558934861272 19.9873503559644
13.2129970483072 22.4662572935445
15.3364948992912 24.5716595573776
7.70320809236383 16.9711556617347
14.7544738754223 24.0181366347102
7.21185122163784 16.5112967012798
15.6728278073708 24.9297286045104
-0.53040847295692 8.90479650775265
11.1218104148605 20.3950346297582
12.2032908404548 21.4790620457181
8.424186628349 17.696984802173
18.9811829642676 28.2995584561035
11.6070188708266 21.0098648211889
10.154708350728 19.4706898092471
17.8426171381116 27.1659651372183
12.1604720441631 21.4834595430941
10.3515360801867 19.6907921070427
5.61627926151951 14.8118228343468
15.1752414965242 24.6606877374151
16.1561247228324 25.4663760379826
12.33745357117 21.5376784775967
11.5989293654121 20.9416293874834
14.4726632508528 23.8513644570264
10.4067471030389 19.6958460900058
11.8664166088598 21.1614867078634
6.91459933047952 16.1922528755241
5.32957166458563 14.5725277440028
8.70951397538402 18.0051274882602
20.3773335054149 29.6989365411436
17.8041158231093 26.9867433530482
15.8988908665822 25.1789280362603
5.21581014792775 14.4567362408184
11.8807791073573 21.1607923195575
19.4558404713021 28.690959477161
7.29871249171463 16.4726824659583
8.01048709673388 17.2174992302612
10.229330621478 19.4353773080572
16.4333937907628 25.6943548715731
14.1794590056326 23.4373961570039
8.65775089168519 17.8747224411911
7.68905521557197 16.9887111294296
10.3153384749002 19.540462026071
18.9982186378493 28.3683025384584
11.0352693084255 20.3759129070186
9.42254258134728 18.8338084190035
11.8006208296784 21.0645555954624
2.16341024409707 11.5340725111495
15.0339632335591 24.3093775328078
8.40646745856799 17.7200302396595
12.5924496210858 21.8647848352808
6.21382133034366 15.5348388378348
2.14495823497235 11.4004133609448
12.9083634490141 22.185309386158
3.59023429678407 13.0034356887125
10.5400645049264 19.7934878614189
7.83992567176117 17.2127404904323
1.86095278903061 11.217320384396
0.898822103381594 10.2405739199609
9.44599188440331 18.7956494252324
12.7334851156541 22.0476101073029
5.6097569911849 14.8194031072202
11.6174664184544 20.8580017390941
16.2014801752923 25.4731158832056
9.67467931693749 18.9443507746554
10.6973350020297 20.0127442067516
5.35609334881741 14.6025888148319
7.98339095680478 17.2474379552803
11.719808616987 20.9635643687173
8.70396596706951 17.986282121691
5.54562287415216 14.9010407716301
10.2779559541803 19.5765652587686
13.250604979935 22.4875787689796
7.88091016725409 17.0528678719655
14.7233020029823 23.9083116678103
9.86188975293012 19.0374867553168
3.66584349943871 12.9010025516154
9.4981669069687 18.7128402911709
11.6945140685166 20.930317012173
15.0786345957662 24.4546938268778
15.772115643121 25.0961211031573
10.7106037972767 20.118907771783
10.2407769987335 19.4773206653749
6.9548318969105 16.2615635793318
12.4421828366134 21.7415502547315
8.35757238076459 17.6603666981498
16.1557056610252 25.3708837846222
16.9441213712943 26.2210836730232
7.50003806561304 16.8271738804162
10.3964676743819 19.6462781703261
14.1457155062448 23.425923850816
10.8312842970077 19.9229330479717
14.6712641170353 23.8644337838519
8.60281163767462 17.8240307568221
8.76860600046567 18.0567934490448
8.9899124214021 18.1349291968038
10.6154602497936 19.8477373014124
5.57420615628728 14.7847921375511
14.7666924493817 24.1349607657694
9.11753514664802 18.3385451432027
7.05664555128189 16.3478738085361
10.2219849656225 19.5936527851064
0.000173293012575293 9.32144188882637
3.05634577462428 12.4512746937635
8.31713028167138 17.505090237605
6.52654306429283 15.8649668417429
12.5236063876654 21.7799636289334
15.3090364288813 24.6426084973436
9.96219548439972 19.1696446642327
9.23955522065931 18.4185458868754
10.1197184053575 19.4542379514447
10.1636948305195 19.4044190092179
10.8920238222673 20.1069891502369
13.9292152954332 23.197687886934
7.96062423133389 17.2558357778007
7.22853672033401 16.5045882634743
13.6967643821776 22.9301001790423
14.3193208212034 23.5952243771192
12.4799551033169 21.7934288707834
9.24368732338664 18.4884675510604
2.62675937392012 11.9384855773345
11.69485720892 20.8884356178256
10.2278750393153 19.3943071774971
11.2845058752436 20.5599045557318
8.84765292505185 18.1389510684307
13.0805169484223 22.3718107076269
4.58880282405254 13.9052749425412
7.36356260293125 16.5619313374269
15.4636034519956 24.7145541031892
18.1844058650527 27.5308810472014
9.81438448606961 19.1462802760039
10.8007290671676 20.1285196595201
14.5140270680408 23.8379038974697
6.9477469074376 16.2508664733534
3.11118039341783 12.3740755185889
6.18946136987818 15.4046843299962
13.7868245641764 23.0435800092291
12.6033879934056 21.8068055158112
17.0232457228605 26.2770366052277
9.99578672749643 19.3520914568531
9.23543620741886 18.4558418234008
8.41375160249008 17.7454074618346
10.8297741567785 20.0635129489429
13.6428845741522 22.8265844879224
11.0590053343621 20.2674546737196
12.3753933203592 21.6012810797449
9.64160531729108 18.9686832661347
8.16374184088263 17.4729662838715
4.20376653172075 13.427827942732
8.98562124531123 18.3197866307581
10.5497537175143 19.7619010007587
7.99122965305252 17.4113755567783
11.6531100394454 20.9764035819936
8.45679684280892 17.6558628030912
13.0891155298246 22.4752957296463
5.0946530217465 14.4030281934629
10.5000955833297 19.737567636912
12.4065956941441 21.6666464482866
3.57046243262367 12.8772043716774
10.207289517379 19.4010940987002
11.2322574290722 20.4024642472204
5.00441819453597 14.2694760442695
9.82206275452181 19.0964753816362
10.1063561280591 19.3796685505515
7.92056229136372 17.2592258071369
8.48892505892393 17.7343867234126
10.0120571526915 19.2950913903929
13.1758729741497 22.605770273135
10.716060878108 20.0066933123967
10.4284466113486 19.7085808494386
15.697365427262 24.9879519501129
6.23555150711284 15.3923550245011
6.1317599540273 15.431472018533
8.04983759419255 17.3058172732237
8.36718101112974 17.6666747201178
11.916781745449 21.1404916081231
0.874540765272366 10.171620652111
11.5815778501554 20.9497415537095
11.0980821818284 20.4589672755555
10.7549535499545 19.977159789194
8.22260764665606 17.5944086405951
0.458789970931099 9.82787547822526
9.86565507206621 19.0554171095979
12.4844614765893 21.841937080101
4.95321064957003 14.2124331372901
12.5659695842963 21.8026887760051
10.4144469184701 19.6196877188746
13.3203162977478 22.5555115746922
2.44159143263706 11.9004793266683
12.0780837558871 21.4064645467172
3.08534883752472 12.2902322023238
2.91539035954459 12.1892078152494
8.48410620515326 17.7418445625896
19.5168241047037 28.8451263997497
12.5661978754901 21.8099697521103
10.845154975411 19.9909819930763
4.92029462212204 14.2203751435867
17.9192971698815 27.1306764794135
11.4479328420891 20.6768613412909
5.84449873050926 15.0827499143207
13.4634483263298 22.790222232582
15.6616725749613 24.9823696664387
18.3262825424331 27.5941025067011
11.031561909543 20.2957405684958
11.4782523031928 20.7661531019847
5.34616933094879 14.5647221867189
9.7777431839296 19.1058569367208
11.3672203581403 20.59971508229
15.5010441066377 24.7903486393475
7.63822108508886 17.0045449454498
3.74163080462584 13.0132338794898
16.086244647289 25.4001112523498
9.35104658946246 18.7324763017555
11.5529363310796 20.7815936496418
10.982427619957 20.1902745040204
12.6588254914031 21.9183911556824
11.0858127709284 20.3796097128414
13.2551484877861 22.6216085208246
7.96509828919831 17.2145356196171
17.3318693410284 26.5762871359322
15.7493805484999 25.0282952375433
10.0809622819445 19.2742751375092
13.5104566687389 22.7719029885113
10.82174781245 20.1348384638168
12.900941428853 22.12840299532
2.32145917779786 11.5581246894227
7.57304430575828 16.8758657561508
12.8082354704664 22.1358980754699
5.33920341888718 14.6093556527192
14.7242811421735 24.0422788992895
8.63561265727048 17.9155067366903
13.8781043609745 23.2311458139118
12.5578244807155 21.8155597161318
4.63142630366266 13.7759921527404
2.50238117868712 11.7991750282568
11.4761541670659 20.6322563529481
8.71964458644822 17.9955367870625
11.329217207036 20.749420610291
10.2223734710748 19.519595267205
15.7566735706777 24.9482129519936
8.57492425855188 17.8405307764845
5.45157269115296 14.6390372966891
9.32022619333993 18.5020462980137
6.51477873401656 15.7969542238406
5.76876550441313 14.9711556104261
9.45723435502465 18.7582124294276
11.7092097205607 20.9698242698988
8.38764749475176 17.5842151980716
13.8381861510583 23.1840863944548
10.1514683440421 19.3540366398144
11.5938034356962 20.8817203802072
4.9518505751398 14.2639756151212
14.8097919951753 24.1029204988562
10.1302235565408 19.4030472451153
14.8038393648121 24.0150240526705
10.4425539622318 19.7138426621973
9.29840566044988 18.44281862058
13.4960442408075 22.7159888164222
8.79268353717129 18.1263257578917
8.69873465320658 18.0154570552247
8.51210291219005 17.7175997126186
8.49335452885274 17.8122518589218
10.6209901218721 19.8517549292854
9.13747204356989 18.4040706156624
4.20406063022529 13.5917064742031
5.29152279762483 14.5418512647537
10.9197106478476 20.1314678313544
9.66460453070821 19.0107353650156
-0.857679348281922 8.61053918541458
13.5322013993306 22.9554353246425
13.866269011395 23.2679860559075
3.54813214827715 12.8198566860725
1.92175843960739 11.1468489025117
10.773161629843 20.0565614028136
5.23323110674675 14.4931821203498
13.6737126242117 22.8297633655121
13.3518375593781 22.7337120024075
12.4151971378974 21.7601964093755
8.56033455597217 17.8209384905727
9.77459266015667 19.1482439522969
5.85056930016202 15.0464319675012
5.01560850363965 14.2656436072756
6.71036430668869 15.8729143720356
6.70344916511157 15.9942078669879
5.63846346657218 15.0019916020047
10.3285908281733 19.5793537609304
7.5502642226742 16.8127381337819
11.9955626003743 21.2152407726051
9.41919223532054 18.776707851724
8.18244500061303 17.4251348877081
7.65875537451685 16.9056663316638
7.66192275007869 16.8433268929857
11.0333457313299 20.4358958134813
6.20480843587436 15.4323587137649
8.59859551409032 18.023830041187
5.14694818987919 14.35667784037
7.93003265133763 17.1520353702842
7.19034869753434 16.4863792120416
8.81183514465933 17.980549616707
2.43586277365503 11.7920316651062
8.68461348542827 17.8324545309426
6.63593554585878 15.9062136376012
9.76323730239544 18.9730269604422
16.6915428375298 25.9242294168078
9.9421447813365 19.2448774517395
10.7955794013156 20.195610160031
12.3534059614545 21.6068814946276
12.739782853192 22.1029711086763
13.8502477189689 23.1727402686413
8.44463498789274 17.6115394120644
13.6936204481496 22.9575122955904
7.61149627622855 16.8293394027453
7.95770273577269 17.1183878599418
4.96405999344328 14.1767221954361
4.8779668041023 14.1298328590237
10.3086953114424 19.5448042156368
7.36582179547937 16.8094260603801
11.0170505569869 20.267146334049
8.19299725712952 17.3882550782506
12.5563201270666 21.8445363135237
7.52827466751504 16.8000045021727
11.0990819054409 20.3999151406251
12.6393400547798 21.8697784207035
3.28416545012198 12.6024071967594
11.4754842523443 20.7492972658287
10.8193337902412 20.0213035255798
9.37352133634365 18.5466915999172
11.0275293487676 20.2361225428703
10.7124825194819 20.0569024480492
8.61296715150982 17.8436780549835
4.86142494022331 14.144487725714
14.7911644541097 24.0120940869707
10.4677830251355 19.6948706471706
3.59138023716306 12.8082349572745
5.55470990543867 14.7464706757369
16.7570022288305 26.1359487371864
9.84416290191179 19.0872456527618
13.7577409527607 23.1272575840253
10.2997365440602 19.5579838581922
8.93988093128105 18.1803305364387
11.3426203959466 20.5833150359938
14.8890993084503 24.1027285486751
7.19644437078124 16.5103249352679
5.26502127053303 14.5943863858007
6.51001881602379 15.6955651533939
21.2074633773378 30.6076934256567
3.93103179782237 13.2627451156565
6.06707500480369 15.3504980204799
7.71242511956539 16.9953965332351
12.4171777551302 21.5826099328456
10.1463132178316 19.5420736928443
14.9426538005689 24.1258321858384
6.43522114752848 15.7548606310233
3.80352022223304 13.092223757531
8.16603768468031 17.4120664791859
8.64714252924574 17.868154428312
10.1284531632076 19.3428070341319
20.3408790780802 29.7037032295395
10.280295773784 19.4851373735258
8.79953755915035 17.982171545839
15.6275221410707 24.9132581964583
9.39753344463394 18.7463688134781
18.6177825801834 27.9383989169059
11.9261746596162 21.268924677373
15.6734988782399 24.8228819753925
9.71805256829694 19.0783894911125
11.7463105702099 20.92562563574
13.8718379515261 23.1015613637929
11.0505532091864 20.2866529983879
9.79701684403093 19.0531908316067
11.5779412150965 20.9610614706949
11.2568825839993 20.6258560246332
9.92856428987233 19.1811876073625
12.4781199781979 21.7801257414375
9.00581952947925 18.2757951594015
7.51850949559478 16.6943733825934
1.18575086459715 10.4994902052916
17.3325470240158 26.5698401176371
3.38827987838456 12.8357356539768
9.96020037231259 19.2280604357717
10.2551466725227 19.603059705829
6.98593777929966 16.2629464389113
8.67089906610674 17.7985833107162
5.93484770156102 15.2113979836113
10.3417744796353 19.7687710249256
12.0138925177699 21.3006718993268
2.86370504885554 12.1038521843822
7.47583046514739 16.7374169043144
8.38280271721825 17.7222767381598
8.77208356686962 17.9861203799826
15.7059046703648 24.9152539555489
11.6374494924576 20.9207356586541
8.53725513150302 17.7344276788022
11.0760630985804 20.3291097478804
16.6506780296135 26.0290642957247
10.4041266232512 19.6616749146345
12.7629960862199 21.9907718006353
10.7642552166452 20.043122562217
7.90991202006162 17.1237626726838
5.79830966807273 15.0320585424868
7.88595834530947 17.0221204344682
16.7690627236308 25.9731360548644
13.9610664707004 23.1593561913432
10.1337879663096 19.3345519651163
