"X1";"X2";"X3";"X4";"X5";"X6";"X7";"X8";"X9";"X10";"y"
0,287577520124614;0,238726026844233;0,986054297303781;0,237229697406292;0,47068183356896;0,273622734239325;0,85859140730463;0,233239737572148;0,639185810694471;0,155264135915786;10,5949745442044
0,788305135443807;0,962358936434612;0,137067471398041;0,686490351101384;0,365845473250374;0,593866932671517;0,887384754605591;0,230653600767255;0,124822397250682;0,845851005520672;17,165301644007
0,4089769218117;0,601365725975484;0,90530958166346;0,225818423321471;0,121272054268047;0,160184813430533;0,48909149854444;0,0617262739688158;0,255265783751383;0,214380425633863;13,1124917699091
0,883017404004931;0,515029727248475;0,576301837572828;0,318494588136673;0,046993680531159;0,853430238785222;0,718091808957979;0,497118609258905;0,82057468732819;0,669873244827613;13,303439879002
0,940467284293845;0,402573342202231;0,395448859082535;0,173983816755936;0,262796304188669;0,847739157732576;0,486705572577193;0,24412508867681;0,803780392976478;0,61775645124726;10,0046622806461
0,0455564993899316;0,880246541230008;0,449802484130487;0,801429583691061;0,968641167972237;0,477886812528595;0,988708860939369;0,758185538928956;0,0458346307277679;0,0499997769948095;15,2049496788349
0,528105488047004;0,364091864787042;0,70650190114975;0,14628205797635;0,488495482364669;0,773692122427747;0,0647511295974255;0,547302677528933;0,87553172186017;0,949398775584996;10,6877877647529
0,892419044394046;0,288239280693233;0,0825027457904071;0,822717391652986;0,477822029730305;0,295400080503896;0,157662777928635;0,948066896293312;0,128009089967236;0,582552031613886;23,7484157045623
0,551435014465824;0,170645235106349;0,339312580181286;0,330997828627005;0,748792881146073;0,0656281118281186;0,785348618403077;0,0861721923574805;0,608831403544173;0,860954337054864;11,1689097097859
0,456614735303447;0,172171746380627;0,680787551216781;0,374169387854636;0,667640231316909;0,44053312484175;0,542188289808109;0,947882584994659;0,469566873274744;0,51846724934876;9,73138511184573
0,956833345349878;0,48204260552302;0,316949248081073;0,629745423793793;0,0494155967608094;0,462098857853562;0,416547345230356;0,722398868063465;0,55729108559899;0,266127483453602;19,9380078729733
0,453334156190977;0,252964928513393;0,831568598048761;0,0966337430290878;0,695105244405568;0,340934370178729;0,998882649000734;0,922004604712129;0,730392784578726;0,597377663478255;12,9981176137975
0,677570635452867;0,21625478961505;0,215172082651407;0,0219937153160572;0,363261566730216;0,185140318702906;0,255673117004335;0,613840943668038;0,469858688767999;0,795576084172353;6,88251841488639
0,572633401956409;0,674376388080418;0,497948936186731;0,993044780334458;0,884133607381955;0,506997726857662;0,507875671144575;0,160966501338407;0,988610059022903;0,689286037581041;24,187606463325
0,102924682665616;0,0476636274252087;0,276049672625959;0,583938845666125;0,775297229643911;0,019191030645743;0,0789711775723845;0,18294069217518;0,984668384538963;0,480631644604728;10,6618156805614
0,899824970401824;0,700853087473661;0,192023318726569;0,781823065131903;0,139203641330823;0,773686039494351;0,813668364426121;0,730183562031016;0,393284681020305;0,465929388767108;19,7677712710824
0,24608773435466;0,351888638455421;0,950621264055371;0,891896122600883;0,295009271241724;0,55966507922858;0,382179160136729;0,589525650488213;0,608847137540579;0,618412335170433;17,3697848429504
0,0420595335308462;0,408943997928873;0,321725537767634;0,754865453578532;0,12608278542757;0,64146263920702;0,802182707935572;0,312482362613082;0,345483730081469;0,449270514305681;8,09289450145535
0,327920719282702;0,820951323956251;0,478456383803859;0,979203730123118;0,58990162378177;0,468432118650526;0,197923636762425;0,772794398944825;0,437112562125549;0,602707532700151;20,5210287641319
0,954503649147227;0,918857348151505;0,0279925719369203;0,0441470679361373;0,561675608856604;0,279223810648546;0,946399770211428;0,336298202164471;0,22913196333684;0,00460897409357131;13,2220930757089
0,889539316063747;0,282528330106288;0,547459468012676;0,90340088470839;0,688721120124683;0,461216570343822;0,345672474242747;0,855676691047847;0,00607224809937179;0,994994512526318;19,4589036938043
0,6928034061566;0,961104793706909;0,644240220542997;0,865500814048573;0,311270809033886;0,792738341726363;0,522050247294828;0,580528493504971;0,0238768882118165;0,406462448416278;19,1374896077988
0,640506813768297;0,728394428268075;0,596263544633985;0,775407591369003;0,605586841469631;0,585565576329827;0,111688006436452;0,415722651407123;0,0587584283202887;0,117951637133956;22,3107229942789
0,994269776623696;0,686375082004815;0,321937375701964;0,376816416857764;0,991034318925813;0,394758985843509;0,885974851204082;0,932572785299271;0,764575645094737;0,86953909532167;18,657781771566
0,655705799115822;0,0528439427725971;0,891114312456921;0,042108048684895;0,743204915197566;0,811237349640578;0,95425497321412;0,4626988414675;0,46904400549829;0,540192956570536;6,63443412064102
0,708530468167737;0,395220134640113;0,626256947405636;0,364411081653088;0,0758571303449571;0,318563093896955;0,0403807631228119;0,0993463299237192;0,850831880234182;0,88159766793251;12,2764129648592
0,544066024711356;0,477845379849896;0,302904915297404;0,273751269793138;0,451168906409293;0,581447338219732;0,4936161886435;0,465449363226071;0,581719390582293;0,0375398390460759;14,7130779342966
0,59414202044718;0,56025326368399;0,388204663759097;0,85046748071909;0,0535369345452636;0,455488957930356;0,226063704816625;0,984083857620135;0,186888262396678;0,88143396214582;19,0905667119996
0,28915973729454;0,698261594865471;0,160475092474371;0,362401712452993;0,33955551404506;0,268803449813277;0,858800339279696;0,925272865919396;0,609060978516936;0,722349669784307;13,9735587864734
0,147113647311926;0,915683538420126;0,862551897531375;0,304477790603414;0,73395214881748;0,555177204776555;0,53093573381193;0,43539876351133;0,893341733142734;0,769810296595097;14,171462427191
0,963024232536554;0,618351227371022;0,953101213788614;0,759135339409113;0,00410694046877325;0,231230884324759;0,0046381508000195;0,869720715796575;0,794321165885776;0,863593708956614;20,0743853529262
0,902299045119435;0,428421508753672;0,563644683454186;0,844834624323994;0,771909482311457;0,54323289799504;0,277560080168769;0,300354171777144;0,504092833958566;0,500742103205994;22,0607367586025
0,690705278422683;0,54208036721684;0,329547413391992;0,45792156108655;0,462975211208686;0,447570141172037;0,325203143060207;0,797972631175071;0,423028273740783;0,925864024320617;15,7525045273293
0,795467417687178;0,058478488586843;0,996617218712345;0,72963166446425;0,720840350026265;0,130288136890158;0,588706276612356;0,800510711967945;0,654381287749857;0,208074670284986;16,831274973876
0,0246136845089495;0,260856857057661;0,234819675795734;0,104078636039048;0,666505717206746;0,62172598275356;0,249684700742364;0,386925696162507;0,887738514458761;0,0271055938210338;6,91702765686181
0,477795971091837;0,397151953307912;0,612671965267509;0,219983177725226;0,572073720628396;0,547994283260778;0,0431172808166593;0,38158969511278;0,892016471130773;0,315793072106317;9,79174053538841
0,758459537522867;0,197744736680761;0,10817852942273;0,953951247734949;0,703812950057909;0,149244213709608;0,110678787576035;0,645515614189208;0,178390537854284;0,660112249664962;20,9353605998567
0,216407935833558;0,83192756283097;0,487032569944859;0,752037541242316;0,65722106047906;0,559545869240537;0,703753812005743;0,861667454242706;0,257502424763516;0,31469130073674;16,5973914164663
0,318181007634848;0,152887222822756;0,099445823347196;0,818955383263528;0,289352145045996;0,42688557645306;0,939021238824353;0,656632670899853;0,113438504748046;0,944461387814954;14,4224107789064
0,231625785352662;0,803418542025611;0,16116576269269;0,417777101742104;0,0972394556738436;0,447730098385364;0,311169018037617;0,516326073557138;0,797158958623186;0,778970579849556;14,3012109180521
0,142800022382289;0,546826156554744;0,282992870779708;0,593838493106887;0,962421321077272;0,833294771611691;0,0784929301589727;0,148781583411619;0,10953848878853;0,339431246276945;13,098623364684
0,414546335814521;0,662317642010748;0,583872335962951;0,798823557794094;0,736334029119462;0,719587282743305;0,321744091343135;0,612765902886167;0,829071694752201;0,481646264670417;20,0118300506093
0,413724326295778;0,171698493883014;0,731707658851519;0,888408650411293;0,612723468570039;0,456886755535379;0,624905536882579;0,0419668189715594;0,771046296926215;0,415994798764586;15,1457211437037
0,368845450924709;0,633055359823629;0,165520911104977;0,385191593319178;0,119928880827501;0,521264262963086;0,440241849515587;0,498358992626891;0,943689404521137;0,776333899470046;13,1234399793902
0,152444747742265;0,311869746772572;0,866467763204128;0,0903220842592418;0,550259046489373;0,24245707760565;0,801345300627872;0,739508221624419;0,466957593569532;0,485427005914971;8,29263698026656
0,13880606344901;0,724554346408695;0,708574137184769;0,625743637094274;0,262756277807057;0,0758608346804976;0,279283805051818;0,753899779403582;0,939855647506192;0,01529910415411;10,528151951239
0,233034099452198;0,398939824663103;0,76039953622967;0,745636217296124;0,898360831197351;0,391295091249049;0,570713193388656;0,0630937411915511;0,78518294240348;0,642451295163482;14,8701597832213
0,465962450252846;0,969356411136687;0,147084108553827;0,085378457326442;0,00917994580231607;0,0131082159932703;0,0421280120499432;0,442481933394447;0,874607875011861;0,234829984838143;12,7812156971898
0,265972640365362;0,967398370616138;0,358056963421404;0,300517611205578;0,236234935931861;0,867499468615279;0,190717455465347;0,500671699177474;0,394462653435767;0,747025883058086;13,5724563667638
0,857827715342864;0,726702539017424;0,673332481412217;0,614562157308683;0,130044595338404;0,992615673691034;0,727086470695212;0,270243100356311;0,0996991607826203;0,295607374515384;16,7105778651773
0,0458311666734517;0,257216746453196;0,523822601651773;0,752932057948783;0,326233146712184;0,7088553882204;0,826690050307661;0,598802149062976;0,27696142042987;0,906218191608787;9,87353440297022
0,442200074205175;0,221787934657186;0,349801792763174;0,91705713304691;0,72639888827689;0,826715490315109;0,510721075348556;0,73583762627095;0,722222051117569;0,853324017953128;16,0964964378687
0,798924845643342;0,593045651679859;0,240530701586977;0,475750505691394;0,991745235398412;0,891896269517019;0,567726165754721;0,713577811839059;0,356305179418996;0,461963776964694;21,4993521398676
0,12189925997518;0,267521432135254;0,0581917962990701;0,567119466140866;0,715133527759463;0,53941073268652;0,00115581974387169;0,116492936853319;0,382711883401498;0,0713482482824475;13,2217755559129
0,560947983758524;0,531070398865268;0,236619742121547;0,736620346084237;0,504439810989425;0,555313591845334;0,143778103170916;0,57512061833404;0,0319686508737504;0,577803724445403;20,4849655991797
0,20653138961643;0,785291671287268;0,890077913179994;0,857447424437851;0,436047671828419;0,276439883746207;0,865967083023861;0,798131987219676;0,521445286925882;0,579579334007576;19,2602744952634
0,127531650243327;0,168060810538009;0,81182741606608;0,909146504476666;0,948825250612572;0,659197925822809;0,0825610605534166;0,231823796639219;0,121077910298482;0,993576776934788;15,6466963647151
0,753307864302769;0,404399181017652;0,747516322182491;0,0563822253607213;0,120181487640366;0,243435242446139;0,244570682058111;0,724855825537816;0,885184176499024;0,335274414392188;10,6195055476302
0,895045359153301;0,471576277632266;0,154911725781858;0,502908304100856;0,0751451766118407;0,288266204763204;0,98154315748252;0,838023197837174;0,0746462990064174;0,666801774175838;18,2047506968452
0,374462775886059;0,868106806883588;0,124742088606581;0,350544773042202;0,889021492796019;0,715780958533287;0,57758127944544;0,118838570779189;0,784227946773171;0,938556001987308;19,8522671102158
0,665115194628015;0,9257079558447;0,974725808482617;0,845556122949347;0,424452095059678;0,727533633122221;0,24872636445798;0,958950396627188;0,854132302571088;0,574856834951788;25,9136648519699
0,0948406609240919;0,88197755930014;0,436129996087402;0,806435163831338;0,0423606787808239;0,173043038696051;0,614953953772783;0,747764584375545;0,0371781706344336;0,691711413906887;10,342472528086
0,383969637798145;0,674186842516065;0,464016626821831;0,11733122728765;0,647442143643275;0,306311258813366;0,0317573207430542;0,810889478772879;0,275143509497866;0,0897585870698094;12,8178358749646
0,27438364457339;0,950166979338974;0,16529808123596;0,712686554994434;0,468619162449613;0,369907276704907;0,146423544269055;0,189917723415419;0,642069949069992;0,866459244629368;20,0519600023698
0,814640038879588;0,516444894252345;0,584936557337642;0,235268858028576;0,617926123319194;0,0777215543203056;0,703072973992676;0,0259687774814665;0,785078359534964;0,501139396801591;15,1155268584471
0,448516341391951;0,576519021298736;0,27077801944688;0,0749567511957139;0,270815432537347;0,713150188792497;0,065560708520934;0,863782292231917;0,400062711909413;0,223256284138188;9,43760923384433
0,810064353048801;0,336331205908209;0,230096920393407;0,935646147234365;0,157295286655426;0,550922729074955;0,621807062299922;0,919179865391925;0,935302329715341;0,412419241620228;18,062533059269
0,812389509519562;0,34732463140972;0,691207831492648;0,157167825149372;0,114254270214587;0,135865396354347;0,937327365390956;0,137627987889573;0,390516970772296;0,886306279571727;11,0802118610286
0,794342321110889;0,0200243005529046;0,282852399628609;0,647057350026444;0,507682863157243;0,974163694074377;0,0878946147859097;0,477648621890694;0,423959307139739;0,495593437226489;10,3804211690457
0,439831687603146;0,502813045633957;0,810398066183552;0,173517746152356;0,548032287508249;0,561963158892468;0,972803509328514;0,462961500277743;0,286421701079234;0,672753727762029;14,5834914041591
0,754475158639252;0,871043413644657;0,0939166070893407;0,0200740091968328;0,140646189451218;0,788409381639212;0,0260107105132192;0,700178611092269;0,611748408526182;0,282504437956959;13,5425765541289
0,629221131559461;0,00630078394897282;0,822030071169138;0,521313846344128;0,16976905008778;0,848914084257558;0,725227952003479;0,0655749011784792;0,558812738629058;0,817058302927762;7,88865410849633
0,710182401351631;0,0720571239944547;0,427428280701861;0,0862778932787478;0,761985323159024;0,878041774732992;0,453706391621381;0,733039993327111;0,0399671350605786;0,2460994545836;5,35324927100398
0,000624773325398564;0,164211224997416;0,755887259729207;0,283002346055582;0,527394940610975;0,800476373871788;0,566182404989377;0,395931590348482;0,745281946845353;0,369646193925291;6,19738539326738
0,475316574098542;0,770334074273705;0,662385506555438;0,420434901025146;0,860989357577637;0,640148486476392;0,87273104628548;0,461487844819203;0,206487420713529;0,235524395015091;18,5084385618626
0,220118885161355;0,735184305813164;0,444527396932244;0,587278124177828;0,67355498787947;0,628927760757506;0,55456317961216;0,725299363257363;0,656495965085924;0,93575692595914;13,7189461879659
0,379816537722945;0,971875635674223;0,627146184444427;0,806694429600611;0,0130410296842456;0,271409004693851;0,737652207259089;0,470002647023648;0,522414671257138;0,415076828328893;18,1364155444675
0,612771003274247;0,466472376836464;0,000465349061414599;0,201995208859444;0,693198901368305;0,0299398254137486;0,62312916200608;0,999523977516219;0,633436584845185;0,137449405388907;17,9630971496532
0,351797909243032;0,0743845133110881;0,217243514023721;0,459424671716988;0,89171373215504;0,41986421495676;0,311028405791149;0,845935791730881;0,617563133826479;0,914364723023027;11,3674562591586
0,111135424347594;0,648818124318495;0,704872245667502;0,448143113870174;0,63185017532669;0,35543467104435;0,392196484608576;0,828207303769886;0,284895547432825;0,347641376079991;9,99559857163445
0,243619472719729;0,758593169506639;0,215166488196701;0,733747758204117;0,107294654939324;0,392331253970042;0,202087455429137;0,761644344311208;0,223807222442701;0,852930875727907;16,8867845261452
0,66805558744818;0,137106081005186;0,813933721277863;0,714754810556769;0,921065203845501;0,171936832368374;0,852780389599502;0,112106491811574;0,539019355317578;0,142635178752244;16,8945625405313
0,417646779678762;0,396584594622254;0,307763874297962;0,831221978878602;0,675362381152809;0,319642119342461;0,606830150820315;0,838977019302547;0,996371977264062;0,359432870987803;17,6305909645036
0,788195834029466;0,224985329201445;0,687742685666308;0,886566120898351;0,148593712598085;0,413555064238608;0,75609801383689;0,813850524136797;0,328916536876932;0,245505067519844;13,9090379302771
0,102864644257352;0,0579585605300963;0,932681079022586;0,952644573990256;0,745341842295602;0,759335696697235;0,562516808742657;0,991412194212899;0,323336088331416;0,0459059465210885;17,8444924180277
0,434892741497606;0,395892688306049;0,115779664833099;0,550616721855476;0,942598861875013;0,271890205098316;0,275899012805894;0,0483145248144865;0,0353235178627074;0,784547902178019;17,2970407293506
0,984956979984418;0,0649282999802381;0,127705687889829;0,522335766116157;0,420783375622705;0,115582457045093;0,735558403655887;0,746787912445143;0,525611852528527;0,199171734508127;11,2034233977622
0,893051114398986;0,225886432919651;0,678223857423291;0,170698255300522;0,297723078168929;0,0293366149999201;0,549279793864116;0,419313521590084;0,596806915011257;0,391850244253874;10,6709018650872
0,886469060787931;0,05462910910137;0,42894859588705;0,479271559976041;0,259426670148969;0,806855297880247;0,346127043943852;0,58214389719069;0,742086659185588;0,323562244651839;7,25363171534583
0,175052650272846;0,670282039558515;0,834400977939367;0,253820796497166;0,222881316905841;0,480126436566934;0,514965634793043;0,83073406224139;0,95283712958917;0,602105905069038;7,74398554559501
0,130695691565052;0,297741782618687;0,971438066801056;0,0397806370165199;0,565654343459755;0,806247940286994;0,815767947584391;0,0135306273587048;0,489621237851679;0,541271679569036;10,6605221882047
0,653101925039664;0,100721582304686;0,0704889777116477;0,634800509782508;0,756650132825598;0,0790056816767901;0,526272569317371;0,0115217631682754;0,0832873454783112;0,990823732689023;13,4953502024466
0,343516472261399;0,0719040972180665;0,45978519320488;0,539560914039612;0,669603545917198;0,115337409544736;0,203040049877018;0,996445707278326;0,259927998995408;0,25379104912281;10,1239854733047
0,656758127966896;0,880440568784252;0,70158511842601;0,140103549929336;0,546522794291377;0,12941628950648;0,848107680445537;0,76568966708146;0,874846625607461;0,735269893193617;15,6630907286801
0,320373242488131;0,754247402073815;0,0869401679374278;0,283711776835844;0,811463657766581;0,738748542033136;0,370494215050712;0,314662610646337;0,852059136377648;0,977608161047101;16,5587903627467
0,187691119266674;0,816605887608603;0,992944016121328;0,583030595211312;0,759166802046821;0,757098533445969;0,303325170883909;0,812011744361371;0,842904664576054;0,558046241756529;19,5614909727739
0,782294301316142;0,982140373671427;0,253098994027823;0,165025892201811;0,0200684661976993;0,992455308558419;0,770597046939656;0,99121921742335;0,946903674630448;0,392708159517497;10,061483984148
0,0935949867125601;0,103599644964561;0,0495384356472641;0,0963011106941849;0,380903700133786;0,624552987283096;0,733448554994538;0,200759592931718;0,652681634761393;0,82468925928697;8,27103969230811
0,46677904156968;0,0990418293513358;0,686324946815148;0,428613091353327;0,0508801136165857;0,288690108573064;0,838905998272821;0,646037220256403;0,488155565224588;0,112384460866451;7,16624858924154
0,511505459900945;0,798831611173227;0,786927352659404;0,355761565733701;0,797902937280014;0,199911774368957;0,569048842415214;0,437550728907809;0,187756700674072;0,535777904093266;18,539425906813
0,59998895926401;0,784575266530737;0,353606075979769;0,844933539861813;0,923699213191867;0,800917848711833;0,02628083829768;0,938028261531144;0,71303306077607;0,443831584881991;24,3702175925668
0,332823540316895;0,00942990509793162;0,366441444959491;0,260132473660633;0,542598370462656;0,727762710303068;0,486127228243276;0,98800330539234;0,0850699706934392;0,273957212688401;6,57029380983741
0,488613033667207;0,779065882787108;0,287100130692124;0,023144492181018;0,852364600170404;0,217047974700108;0,542681032791734;0,456319560995325;0,461199405603111;0,157357535790652;13,7686237935583
0,954473827499896;0,729390651918948;0,0799729123245925;0,862399539677426;0,583562863292173;0,744238505372778;0,836660116910934;0,230614943196997;0,935907306615263;0,871838073711842;21,8295246167745
0,4829023971688;0,630131852813065;0,365454269573092;0,334587961202487;0,668323643505573;0,866653708275408;0,728664538124576;0,695489268517122;0,845293667865917;0,562044856371358;15,3785171500316
0,890350222121924;0,480910829966888;0,178013814613223;0,631788871716708;0,511314596515149;0,52940575638786;0,555113806854934;0,556632344610989;0,716186716919765;0,550689758267254;20,4205302108859
0,914438186911866;0,15663685137406;0,536053720628843;0,546426258748397;0,762750589288771;0,598638546885923;0,0734143974259496;0,584710089489818;0,123806348303333;0,592365285614505;12,6679953618243
0,608734982321039;0,00821551983244717;0,503948712022975;0,376444493187591;0,90336228790693;0,937632332323119;0,136502299224958;0,433631246909499;0,594827461289242;0,727812862722203;8,522605817169
0,410689776530489;0,452458394225687;0,945035103475675;0,185873015085235;0,820474512176588;0,950724098365754;0,684608696261421;0,426175052765757;0,98985280143097;0,638925284612924;14,1139732388674
0,147094690939412;0,492293328745291;0,341321283951402;0,428940591169521;0,071431849617511;0,660532301291823;0,0996219362132251;0,596854395465925;0,6154084878508;0,614450164837763;7,56674269444345
0,935299803270027;0,389587111538276;0,464713774155825;0,630773598561063;0,00389634305611253;0,0722865809220821;0,203785905148834;0,452085584867746;0,273077666992322;0,0524168505799025;14,8332014476971
0,301228899974376;0,464665941894054;0,0825311816297472;0,520842351252213;0,0521986158564687;0,826331578660756;0,365980138303712;0,956608658656478;0,0637068431824446;0,565157752949744;14,1691483107447
0,0607205715496093;0,713279000716284;0,860106846084818;0,659621337195858;0,866560179740191;0,47954407799989;0,846195757621899;0,844430350000039;0,072303275577724;0,587341380305588;17,3034937438735
0,947726940037683;0,0553019263315946;0,395660639973357;0,729360931320116;0,576245168922469;0,391228783410043;0,236872595502064;0,222768602659926;0,873511214042082;0,62856707512401;11,1157041701688
0,720596273429692;0,354783097514883;0,735899350373074;0,486822873353958;0,313842572038993;0,299122775672004;0,704877850599587;0,420170177007094;0,36282499670051;0,621890645008534;15,803651942017
0,142294295597821;0,802812272915617;0,171743405982852;0,384456615662202;0,959465783787891;0,244308249559253;0,107608830789104;0,41998293553479;0,945622149156407;0,082270042039454;15,1343670373013
0,549284656066447;0,835708837024868;0,454761631321162;0,00683350884355605;0,591193757019937;0,421810131752864;0,779068868607283;0,0207908488810062;0,558318939991295;0,0776426121592522;12,9123700148032
0,95409123855643;0,237749404972419;0,770204759435728;0,00368422758765519;0,531409335788339;0,937770176911727;0,25510568334721;0,380447969539091;0,512661150889471;0,687094689812511;10,2386542684717
0,585483353119344;0,353986102622002;0,0626499983482063;0,994936440140009;0,383936671540141;0,264485116582364;0,548043326009065;0,422348427586257;0,9477716635447;0,830303592374548;23,330508330695
0,404510281747207;0,856885420158505;0,815081495093182;0,107886880170554;0,319553229492158;0,568568754009902;0,0339015207719058;0,191426063422114;0,109801595564932;0,145909875165671;11,5180454699798
0,64789347932674;0,853763373801485;0,301142524462193;0,41866915835999;0,808386255288497;0,202184567693621;0,806109476136044;0,705329281743616;0,818907550536096;0,783530072309077;18,2372451242077
0,319820617092773;0,295895455405116;0,364671027986333;0,717884546611458;0,0419194984715432;0,192805626895279;0,337752807186916;0,0135204752441496;0,377342106774449;0,486450079130009;9,24727350624638
0,307720010867342;0,147048324579373;0,312112791929394;0,742539132246748;0,363742694724351;0,718611745163798;0,916285858023912;0,731203105766326;0,556641047820449;0,989265105454251;12,7622288504426
0,219767631264403;0,703992061316967;0,0373699648771435;0,871998823713511;0,856596966972575;0,313517895527184;0,357106417883188;0,432724097976461;0,313871186692268;0,499104954535142;21,7641748360639
0,369488865835592;0,103806688217446;0,51880492339842;0,607867961050943;0,697946578497067;0,138390127336606;0,975365013116971;0,731240093009546;0,0823428803123534;0,562260535079986;10,2528708989878
0,984219203470275;0,0337277729995549;0,679013415705413;0,756203351309523;0,684486472979188;0,0580306977499276;0,384378522634506;0,013941552489996;0,779937542276457;0,378257020609453;15,8504051896626
0,154202300822362;0,999404527945444;0,903233560267836;0,847241298062727;0,34801505273208;0,931099641136825;0,488673535175622;0,045313308481127;0,193234728416428;0,518637197325006;18,0689799832155
0,0910439998842776;0,0348748040851206;0,0255266984459013;0,612779648974538;0,554681829409674;0,568338012089953;0,490776231279597;0,418414376443252;0,655585467582569;0,0742837921716273;13,0597029655927
0,141906907781959;0,338391283759847;0,989078270737082;0,793224167777225;0,137243617558852;0,117770360549912;0,0122546241618693;0,643840002128854;0,435147053329274;0,538472344167531;15,2051550755483
0,690007101511583;0,91506376164034;0,302887624595314;0,0228546834550798;0,784931556321681;0,564794481499121;0,641473200637847;0,219793785596266;0,197148326551542;0,961061000823975;12,5218296112903
0,619256483390927;0,617235269630328;0,939138400601223;0,416914549656212;0,886862571584061;0,540256182895973;0,512574971653521;0,833442652830854;0,994660422205925;0,527810139581561;22,2739033318871
0,891394117148593;0,286285348702222;0,687607581727207;0,874882387463003;0,20409588329494;0,819682518485934;0,320352118229493;0,694767313543707;0,446742866421118;0,437159451888874;17,562555004714
0,672999092610553;0,737797403009608;0,447036994853988;0,647347015561536;0,770622961455956;0,70297950389795;0,58143315766938;0,899124485207722;0,0314266642089933;0,0322669965680689;20,8506198839613
0,737077737925574;0,834054309176281;0,816478138789535;0,924478986766189;0,596362960757688;0,567748373607174;0,617344408296049;0,414240285288543;0,937016558134928;0,037734180688858;22,6044733332713
0,521135725779459;0,314270780421793;0,0394991978537291;0,172225096030161;0,957669742405415;0,721309266285971;0,438274537678808;0,411004703259096;0,870983954286203;0,047348293941468;14,6500315197507
0,65983844967559;0,492566547822207;0,739031685516238;0,315812789136544;0,158688397612423;0,752444213489071;0,170368980616331;0,250014989404008;0,601246283389628;0,160959035623819;12,9275152919925
0,821805460145697;0,697373766219243;0,348719493718818;0,804256279254332;0,525974274147302;0,381422596750781;0,715080496622249;0,373767039040104;0,299015456344932;0,469097393332049;20,099580907269
0,786281551700085;0,641462353989482;0,829250823473558;0,988963411189616;0,873151367530227;0,28801028127782;0,747786548687145;0,231892732670531;0,809346275171265;0,80592397483997;27,7216206254597
0,979821917368099;0,643922914983705;0,535541391698644;0,322385551873595;0,869706070283428;0,531683327164501;0,843914708122611;0,931603164644912;0,952142385067418;0,280597516102716;18,3427016480382
0,439431536244228;0,977853404823691;0,274545363616198;0,00119162839837372;0,0236886432394385;0,259646071353927;0,534759046975523;0,47634475515224;0,852053971262649;0,754783985204995;10,7471681538702
0,31170220207423;0,414735334459692;0,800948211923242;0,992170619312674;0,975889693479985;0,83179031778127;0,302235261537135;0,0476650029886514;0,127309735864401;0,521825814852491;20,2041487119388
0,409474952612072;0,119404779979959;0,091644694795832;0,148352391785011;0,490224198205397;0,405363884754479;0,456518182065338;0,773531056009233;0,968882349785417;0,288947193184868;8,47068145856413
0,0104671118315309;0,526029660133645;0,832107774214819;0,0493642971850932;0,389170323032886;0,0726319255772978;0,384342534467578;0,331117329420522;0,557101008715108;0,0173772014677525;4,88761035872877
0,18384952400811;0,225073350826278;0,276855072472245;0,597353482618928;0,417554959887639;0,953758624615148;0,249046854674816;0,552876470610499;0,00536444736644626;0,668349529849365;10,4504079996684
0,842729318886995;0,486411764053628;0,753110099583864;0,321328443475068;0,0929258204996586;0,217183782951906;0,654626744799316;0,676330528920516;0,135763919679448;0,0669759646989405;14,851420327232
0,231161782052368;0,370214798487723;0,964152570115402;0,527929000323638;0,161809210199863;0,405625266721472;0,95532370172441;0,277334370883182;0,00584710156545043;0,836386426817626;12,30669605601
0,239099955651909;0,983350180787966;0,0814665600191802;0,795422020368278;0,405416495166719;0,62566831544973;0,291082957293838;0,0528556783683598;0,816874062176794;0,135343155823648;19,3707005130734
0,0766911653336138;0,388319115154445;0,854364746483043;0,0689325968269259;0,341814444167539;0,628404803806916;0,650189086562023;0,42575858370401;0,782163587864488;0,655878108460456;7,0411855915956
0,245723678031936;0,229244840331376;0,802238217089325;0,69502069731243;0,415257453219965;0,328238664194942;0,536359930876642;0,610118482029065;0,931066285818815;0,837947728810832;12,0652899323855
0,73213520552963;0,623297546291724;0,385173604590818;0,948631507344544;0,304052469087765;0,138909491943195;0,597451866604388;0,976046035066247;0,368689882336184;0,257647996069863;21,4793972776397
0,847453165100887;0,136540197068825;0,327597399009392;0,277769317384809;0,560280537465587;0,91465717041865;0,0248982694465667;0,969800120219588;0,974454874172807;0,135995285119861;9,67222521747375
0,497527267085388;0,967469494324178;0,204938702983782;0,249406585237011;0,155874150572345;0,599115967284888;0,00484173954464495;0,0884845573455095;0,823743681889027;0,763488414231688;14,0396372647621
0,387909029843286;0,515071807894856;0,56938266265206;0,159435480134562;0,95657976414077;0,749607095960528;0,131378254387528;0,498380037257448;0,787448863266036;0,211996233323589;12,9373883306761
0,246448994148523;0,163070329232141;0,888055190443993;0,0716300560161471;0,0439666253514588;0,918954745167866;0,0248171037528664;0,395689367782325;0,62282583466731;0,26796959922649;5,38018307888567
0,111096461303532;0,621902295155451;0,529714091448113;0,557437583105639;0,372157742734998;0,528765395982191;0,0921294519212097;0,390331929083914;0,967354928841814;0,531831194646657;11,006165098186
0,389994435245171;0,985954165225849;0,58695865678601;0,48983705160208;0,962615341413766;0,371978746028617;0,475558224134147;0,318499490851536;0,49991849064827;0,474116867408156;19,3292048816402
0,571935313986614;0,668771517463028;0,665735142538324;0,494292361894622;0,645427515730262;0,0658083211164922;0,196656761225313;0,682575054233894;0,893695599632338;0,373443664982915;17,7142009495147
0,216892762808129;0,418915896909311;0,529892458580434;0,888371585169807;0,0612626143265516;0,854369923705235;0,814673948567361;0,284614907577634;0,401043246965855;0,775349928531796;12,3020355509706
0,44476800202392;0,323344993172213;0,509842899395153;0,0367043598089367;0,409945928491652;0,510411301394925;0,244059228105471;0,39009471423924;0,447541609639302;0,558203970082104;5,59900666872461
0,21799066872336;0,835255319951102;0,0161604809109122;0,203743813559413;0,425905134063214;0,20999805862084;0,488807637942955;0,990168560296297;0,93577908212319;0,155236621154472;13,4263528559246
0,502299563260749;0,143817043630406;0,0477099849376827;0,513781139161438;0,508158084703609;0,375843436690047;0,648882479639724;0,792005731491372;0,683332197368145;0,989418448414654;14,5302316327946
0,353904571849853;0,192815946880728;0,929350682534277;0,236339889001101;0,449599910760298;0,207365499809384;0,158716470003128;0,312405151547864;0,0181631301529706;0,24444643035531;10,0925089088148
0,64998515881598;0,896738682640716;0,769285538699478;0,575435669859871;0,623261383501813;0,459240817232057;0,836977910948917;0,817117730388418;0,165526717668399;0,130378512199968;19,9180377013526
0,374713956611231;0,308119554305449;0,201080616097897;0,482257911469787;0,139977931044996;0,241502250079066;0,436596529791132;0,22090977220796;0,495834498899058;0,212681135395542;10,7424691646553
0,355445380788296;0,363300543511286;0,650261500384659;0,569352688733488;0,907946400810033;0,118690322386101;0,233495525084436;0,501073820283636;0,426535228034481;0,380004248348996;13,9807978406938
0,533687945455313;0,783946478739381;0,653766682371497;0,144152315100655;0,569443274755031;0,0724691497161984;0,298855992034078;0,166972296312451;0,992053120629862;0,359621168812737;12,4160063642534
0,740334360394627;0,193378679919988;0,395253761438653;0,145708762574941;0,54828057391569;0,690989849856123;0,159421336837113;0,119659194489941;0,888950123917311;0,302662048954517;9,11430678420731
0,221102937823161;0,0177658118773252;0,812304828548804;0,412283112993464;0,116827622521669;0,286957619246095;0,585567104164511;0,89760996773839;0,345755371265113;0,0443997136317194;7,54269579584505
0,41274611861445;0,406607866287231;0,547023417660967;0,6830102824606;0,762028332334012;0,149412495549768;0,14877797709778;0,093714878661558;0,705844125011936;0,934783352771774;14,4272561004272
0,265686686849222;0,483167669270188;0,885132651543245;0,653427820419893;0,478369446704164;0,972432009177282;0,179059559712186;0,865058556664735;0,908724687062204;0,568717029877007;17,2995372130898
0,629973053466529;0,421844950178638;0,553313987562433;0,915986333042383;0,78196891467087;0,410514390328899;0,339221504982561;0,276591463712975;0,676292887190357;0,220802745083347;20,9238783034607
0,183828490786254;0,342808801680803;0,906048111617565;0,813113132491708;0,0460265486035496;0,401813854230568;0,18390193884261;0,0272836927324533;0,63910027127713;0,877961175283417;14,9672678909418
0,86364411143586;0,866483314661309;0,587461367016658;0,67589000123553;0,819844667799771;0,648556348634884;0,405541522195563;0,787384963361546;0,149604527046904;0,467288806336001;17,1619401063907
0,746568004135042;0,455108050955459;0,423463650979102;0,807499109301716;0,269408447435126;0,916305739665404;0,613559618359432;0,358660299796611;0,601125390036032;0,54234981467016;18,4655408976113
0,668284649727866;0,533764873631299;0,949585322989151;0,128064419608563;0,282850414514542;0,216662138933316;0,685671334387735;0,025102965766564;0,272751235868782;0,78439817391336;15,6411589346508
0,618017873261124;0,963843331905082;0,709037903463468;0,250778533983976;0,643221559468657;0,547998871887103;0,823525600135326;0,74609359796159;0,457853371044621;0,647870272397995;16,9180349131289
0,372238060226664;0,774591542081907;0,41330540808849;0,331546991597861;0,948118837783113;0,720050457865;0,373982113786042;0,029625577153638;0,222253093263134;0,144893147051334;15,499856738648
0,529835685854778;0,208876348566264;0,0183640837203711;0,407269289949909;0,00699845445342362;0,397246005246416;0,952841004589573;0,433864830993116;0,254921516869217;0,321637377142906;12,144230825901
0,874682342866436;0,308786832727492;0,566734082764015;0,6353675769642;0,351617672014982;0,0940013926010579;0,0188321589957923;0,256626832997426;0,653687727171928;0,951055582612753;13,9251620547981
0,581750099780038;0,971342450240627;0,490063453093171;0,808612044900656;0,419045724906027;0,634896405041218;0,61237497231923;0,498015220975503;0,471993161132559;0,188198490999639;19,1974296048963
0,839767764788121;0,584900093497708;0,87867402122356;0,258801201358438;0,457876797067001;0,00247881026007235;0,463573763845488;0,65335523057729;0,160963035654277;0,750404248479754;17,8664717266173
0,312448164913803;0,760823625372723;0,812852687900886;0,819467139896005;0,711692579323426;0,210523239802569;0,354729620506987;0,0836568856611848;0,272080334601924;0,459158475277945;19,7973826318701
0,70829032221809;0,372709394432604;0,854099977528676;0,0154776689596474;0,919848057674244;0,679022809490561;0,882423028815538;0,180472461739555;0,712956093018875;0,141365048941225;14,5930272113232
0,265017806086689;0,769193911226466;0,367895947769284;0,654400766594335;0,627110700588673;0,866189130349085;0,075802858453244;0,104462501592934;0,613353652181104;0,205193076049909;15,5359387647065
0,594343194039539;0,5376771830488;0,873949912842363;0,811719584278762;0,902181778335944;0,79969711555168;0,88329119165428;0,812392983818427;0,132121966220438;0,675293499603868;24,4677506126669
0,481289800489321;0,913995449664071;0,151338171446696;0,461368926800787;0,757329159183428;0,134996398352087;0,188221835764125;0,627502441639081;0,0700072532054037;0,138030210509896;21,8223886014334
0,26503273146227;0,185296441894025;0,28181166970171;0,203417101642117;0,137858365662396;0,387498257681727;0,215066746808589;0,630572485970333;0,966265012975782;0,415543700801209;4,38979528433907
0,564590434776619;0,282218417385593;0,666705157840624;0,0187682171817869;0,153254878008738;0,788471929030493;0,869532291544601;0,390889850212261;0,36827027797699;0,451247031800449;6,00202869154649
0,913188223028556;0,0949624131899327;0,977383576799184;0,283132697222754;0,191312186885625;0,692913666600361;0,0608380562625825;0,43225357378833;0,677454084623605;0,622946569696069;12,4763190652903
0,901874389499426;0,210487079108134;0,582739736652002;0,915272625628859;0,433185140602291;0,59427297138609;0,234899600734934;0,348634002264589;0,845951730385423;0,251174297416583;14,8731373016097
0,274166621500626;0,977098996285349;0,526590079534799;0,933696520514786;0,0872193018440157;0,123857651371509;0,993015512824059;0,793557758675888;0,241650385316461;0,464153463719413;16,9244306922951
0,321482756407931;0,296302175382152;0,0607822248712182;0,542531613726169;0,223780001047999;0,55507810274139;0,678197727771476;0,886936112074181;0,0351509910542518;0,165509229060262;15,4152559534307
0,985640884377062;0,725983026903123;0,969038863666356;0,219422545982525;0,572148679522797;0,449411387788132;0,435486800502986;0,651127086719498;0,595240236725658;0,857806453481317;19,4418286886589
0,619993310188875;0,78568783425726;0,120237128576264;0,489427804015577;0,400169178377837;0,766166528686881;0,37730994191952;0,592863264260814;0,836191128008068;0,156551897292957;19,9279321084713
0,937314089154825;0,105417746119201;0,0883633010089397;0,801148736150935;0,565465380670503;0,0260977216530591;0,46118402434513;0,327822093851864;0,362249210244045;0,0883316337130964;16,4186801825828
0,466532702324912;0,2395946290344;0,880764114903286;0,40763065777719;0,829623878700659;0,195171431871131;0,801851871656254;0,0756893679499626;0,332188533386216;0,893417771905661;14,7294124903362
0,406832593260333;0,270544872386381;0,508370629744604;0,103711566887796;0,64211381948553;0,881234564818442;0,662966975243762;0,591387242078781;0,64473633072339;0,300620508380234;6,98565567055113
0,659230324206874;0,10105849406682;0,337494997307658;0,28056517476216;0,391498751705512;0,109801593469456;0,46600366407074;0,178336763521656;0,958615136798471;0,752086671069264;8,82182846890253
0,152346616843715;0,11791384126991;0,894334625452757;0,361466220580041;0,709579854737967;0,968550927937031;0,053259436506778;0,741350124124438;0,596203628461808;0,401606647996232;10,0301238723511
0,572867058217525;0,991236555855721;0,0319716280791909;0,259244841057807;0,108824073104188;0,385198592906818;0,23719791835174;0,293876208132133;0,510280017973855;0,448558106087148;17,6641921877986
